1 10
100 200
201 210
900 1000
10 1
9999 9999
340 30100
500 101
1 1
9999 9998
1 9999
5 6
7 10
1 98746
99 999
99 9999
82536 37828
26455 63522
31287 76251
77811 99630
85665 25147
27549 84805
97620 33241
94836 94005
1 10000
2 10000
1234 54321
1234 43214
1000 1009
2000 999
888 777
5434 7789
9868 1117
23411 876
70 1000
90 80
47 50
50 47
77 7778
30 40
30 50
230 23401
335 332
345 225
720 889
890 889
71 79
1 5
90 75
8867 7688
12 78
997 1059
2094 1805
439 92
47 59
4869 234
2004 2029
694 2703
80 98
3 90
21478 21479
1234 54321
1234 43214
894 3849
39 65
3485 3498 
2389 4029
8 8
985 1074
8690 6873
92383 89839
273 845
5273 2738
894 783
9849 8372
777 333
102 75
5 9
10 165
8493 7549 
9873 9384
700 701 
85 78
93749 54789
34 65
97 188
3049 2077
73627 89048
6604 7000
8634 9654
20843 53093
905 769
9865 14576
32 25
89 99
9 5
67 293
5904 6534
85490 65342
888 4
7 8
9 13
777 777