1 10
100 200
201 210
900 1000
568 638
238 476
2860 3574
6 2543
6455 7055
1466 7433
631 1755
2398 9530
1043 6439
7543 9038
1465 3956
6817 8972
1438 1614
809 8191
2910 8613
3268 7736
443 8859
1106 1472
4855 7231
1617 3164
354 8800
8016 9426
4794 7351
7295 9998
4330 8168
2147 7425
1802 5499
18 4521
363 6501
2988 4319
944 7675
1907 3203
808 9971
7208 9650
2647 8556
2633 9514
3120 6128
7959 9758
3463 8351
2769 9990
2809 6648
2348 9690
1020 3970
1157 9062
159 1468
5250 8863
390 2239
2545 3536
2298 4626
4911 7672
5283 5917
2266 3344
7069 9764
4670 6918
1481 7624
3717 9915
6001 8825
4844 7636
1450 8535
3485 7618
3166 9131
6118 8553
8924 8974
7062 8804
1616 6219
1634 5621
653 1948
8399 9917
9526 9556 
4496 7685
587 2840
2777 3866
4681 6424
3124 4466
5672 9179
5815 8018
3099 7886
389 3607
6365 6791
5258 7775
270 8349
64 8447 
4214 5763
2179 6307
5862 6722
8387 8643
890 7341
556 6236
5152 8824
1458 9428
284 5635
1485 4007
49 8578 
155 4961
4879 9039
5182 5401
1168 1231
2562 2799
2338 3183 
6308 8316
