1 10
100 200
201 210
900 1000
1 2
919 416
448 1
922 283
413 831
260 357
50 163
219 596
65 191
60 502
968 115
707 837
20 277
868 661
351 256
174 417
126 436
137 890
620 394
243 364
453 7
627 59
745 315
422 338
289 326
592 366
40 677
619 114
493 377
754 969
318 204
796 567
270 978
42 339
851 467
239 288
889 134
25 621
645 759
520 430
400 482
701 722
373 64
959 5
197 117
675 457
950 987
899 821
991 948
89 981
635 405
930 664
461 513
488 921
971 216
557 895
401 154
188 3
716 477
215 251
641 429
535 45
166 530
230 487
763 516
795 210
539 439
308 633
857 625
829 98
360 775
71 970
445 849
962 379
580 119
178 446
756 734
298 855
55 222
538 419
905 100
693 307
903 604
343 601
692 121
324 660
765 665
624 312
509 979
608 93
301 603
559 918
673 527
668 542
634 739
158 554
783 332
641 280
448 343
849 483
399 389
294 351
314 848
404 936
467 970
298 428
154 590
211 141
895 125
911 60
265 835
1000 253
499 821
45 951
561 271
251 383
612 118
710 902
669 239
760 162
409 444
153 619
366 434
229 384
246 193
988 164
979 716
788 17
296 954
457 899
115 173
356 989
99 938
376 815
903 601
435 945
111 94
289 230
805 553
934 791
52 258
10 975
312 986
762 921
995 879
20 24
549 83
82 820
793 773
963 816
700 331
845 491
44 516
593 187
811 260
110 130
437 189
150 124
101 267
687 347
338 620
406 410
463 135
540 957
636 758
62 567
373 865
648 809
611 654
770 582
565 424
679 886
1 1000
40 40
1 1
500 500
15000 15000
18600 20000
5000 5000
