1 10
100 200
201 210
900 1000
5 1
5654 97276
76445 97874
3166 49776 
91384 22085
39061 9955
44597 783
41464 3972
80624 92730
82466 12121
205 99039
51344 24385
41041 57884
93671 33611
64864 319
96959 49579
15713 80076
3389 31839
20737 92505
34868 30258
17497 9393
1200 16555
59492 91788
98267 45727
74738 52445
64779 85904
94730 18084
86488 79876
23250 56328
54403 26832
2044 26764
21423 73456
34879 697
63401 91576
22221 37589
36403 79965
21283 96999
52933 66679
74290 74057
7940 3191
47332 82886
34088 19425
2234 88672
69898 24938
84402 15703
1042 15838
16836 81025
85991 78338
73227 76284
99272 72397
46371 16806
54707 96271
90511 7945
69016 99497
7121 17282
41425 5729
38310 93845
79226 42401
54029 21171
81214 59135
60881 13917
77097 17418
37393 98389
48542 40170
8752 13726
63379 54925
23728 82731
67043 91558
12316 2314
18285 7651
64656 41181
91824 51519
91373 99930
86558 80250
55609 84474
95334 37058
70177 94250
97594 57095
63908 25317
89617 29483
5101 2659
81187 13398
14276 1367
71622 63898
54578 96174
52329 53013
49049 490
83259 32625
88752 1874
14964 78315
84561 5861
77039 14149
58088 67939
450 87999
62620 43884
57336 2057
50031 90020
3401 72396
12742 75788
73191 52525
67307 55794
62440 13484
17975 81282
60313 51024
54427 20247
11550 71177
69398 15683
73876 65297
5432 52188
91216 1616
41538 83924
14017 25246
80185 15946
76556 37951
58880 50487
71935 52651
91402 44705
76176 16116
19118 40026
38128 37869
38408 56010
49252 57186
6246 33971
86095 98115
7060 99356
76039 55126
61164 57501
65000 6621
15286 20254
36439 57514
71038 76837
33117 98069
62845 28049
76109 76505
18826 92856
3147 16823
69830 62129
34804 57736
6652 35421
63727 583
67851 11080
9822 1767
41055 32915
57563 56785
73643 66086
69386 19465
53868 89263
13467 97013
85313 2794
49782 50276
47031 77949
94937 30993
2170 36571
2364 4226
49919 23480
13733 1898