1 7
943 2
534 902
240 10
10 500
9 4000
11 12
25 30
90 134
134 690
913 845
32 1234
213 954
600 500
500 600
100 200
888 999
9999 10000
3423 4567
2000 3000
122 333
899 122
109 209
907 809
352 432
891 231
975 123
543 134
777 888
134 63994
2134 4534
1324 3459
134 9054
1234 4321
234 4532
2 4
8 9
9 10
11 12
90 70
70 90
1000 9000
134 354
875 134
3234 907
1312 6456
4345 2345
9213 4534
8912 2315
8939 2342
2349 9583
8438 4258
3284 4589
2528 2905
2354 3590
2359 954
2499 2093
4003 9302
3245 3095
17 10
32 94
13 43
85 32
252 905
324 933
584 345
4903 5230
2350 5235
23452 53425
34252 23049 
12549 23405
23049 32400
23094 89453
23459 32459
324 932
234 902
124 123
932 234
234 954
965 345
430 345
906 384
938 435
234 654
234 235
2543 9045
1 9
324 923
2 9
92 29
84 32
382 234
234 964
234 945
84 329
345 9349
2346 3546
854 345
2934 435
9348 4352
8432 2823
842 843
857 374
738 473
47 485
865 9
5 8
83 94
583 685
348 594
483 685
84 84
23 84
1 1
88 88
2 4
93 8
38 49
9213 8422
849 323
