1 10
100 200
201 210
900 1000
303 408
1 20
250 270
420 454
800 825
35 50
900 917
673 822
127 234
475 875
44 63
10000 12000
239 450
1234 4321
654 1023
712 904
125 130
1 1000
1 2
2 10
40 500
501 600
601 700
701 800
801 900
901 1000
1 10
450 2000
1 1
790 1350
1 10
420 454
800 825
35 50
900 917
673 822
127 234
475 875
44 63
790 1350
33 4332
420 454
800 825
35 50
753 999
20000 30000
987 2345
9 87
49 76
88 578
1 55
1 1000
12000 20000
898 3321
420 454
800 825
35 50
900 917
673 822
127 234
475 875
44 63
10000 12000
239 450
1234 4321
654 1023
712 904
125 130
1 1000
1 2
2 3
11 99
456 945
1 10000
490 569
210 420
69 96
234 432
678 987
1234 5432
239 450
1234 4321
654 1023
712 904
125 130
7654 10562
90 210
1 2002
55 780
3 22
7 665
987 5432
800 900
765 3654
907 990
3456 8765
