1 10
100 200
201 210
900 1000
7000 10000
5 5
5 3
70000 90000
13 49
150 500
44 88
65 87
1000 9999
888 8754
1 100000
5 80384
741 8472
900 8
90 90
89 457
4733 82384
2394 5839
6874 8083
8940 90134
88 90
8 9
6 7
90 91
91 99
100 159
143 8472
8000 100
1 1
1 2
10 1900
38 98321
8000 9000
81 91
745 947
9823 108472
327 5737
42 42
908 10283
89 98
98 1
1000 47473
103857 10
1847 4038
5738 98274
800 901
2000 10000
45 4000
100 101
1234 7489
4522 9123
55 5784
23 2445
654 234
7654 2345
2345 5678
22 23
1324 8567
6543 7856
2345 2345
6354 8675
5342 6567
100 23456
4563 2344
54 88
34 76
32 88
45 90
34 8764
234 7888
6544 8766
5677 34567
55 56
10 50
46 234
65 345
33 876
26 7777
3456 8765
2345 66
2 60
30 234
654 345
7766 3456
2234 5666
8777 4567
3234 2567
8765 3456
87 345
5 2345
89 66
56 89
287 8546
388 366
34 8765
1 100