1 10
100 200
201 210
8969 61217
1460 77032
3064 89843
7860 27542
1101 7286
7378 29484
4730 65544
6792 46718
4578 60671
6066 73941
9561 56998
7417 92001
6017 58710
1568 42540
2963 7874
7260 74120
5873 23246
8894 79759
8549 45715
9044 42949
7570 42411
3934 40938
8987 48043
8578 20641
2380 15514
9864 40897
5487 18547
3648 36266
884 51808
8151 46716
181 92491
8466 19885
889 20411
6280 92002
3423 39393
6715 80618
8853 16377
6042 48301
3137 98920
580 43935
131 35664
4298 53406
5979 49047
9915 74295
5297 21176
4126 39649
5179 76241
727 77845
6111 44602
5673 14526
3273 89191
4353 79957
1409 16402
704 44318
877 38608
7267 60179
6752 21111
3460 51236
4415 24591
879 36000
4047 32392
9199 21292
4006 74568
761 90681
1140 13453
8603 23111
6409 21121
4159 7224
2425 85857
1895 4884
4741 79730
573 27923
6556 95259
1664 3477
6565 58371
7927 98376
5164 63040
7863 31106
6553 26452
138 45553
3491 85638
2740 45255
721 97408
1788 76587
508 50678
1109 23276
9747 15459
2431 66869
1197 16827
4216 35604
2348 45491
7634 13021
4104 98261
3390 78750
287 14108
2923 50032
6549 30422
4794 75110
6946 77827
6071 21619
3048 17472
3036 36372
1373 81543
4075 96602
5996 51892
6451 40510
8440 90194
5715 52423
2208 30963
4911 61210
1988 53512
1599 21765
5762 99428
224 11103
2451 97354
5829 78392
3687 7575
3615 34415
7288 40398
4956 8972
8748 43610
5627 65117
7896 13512
7065 24719
2329 52933
1152 34045
2537 40589
740 63724
5916 43913
1669 55464
8223 45047
7585 80322
8718 12542
7780 27301
8612 11079
6204 67920
8626 39167
3617 54429
457 14324
7732 17305
698 67896
310 16535
4158 29528
6071 25069
6606 26916
2653 19304
2887 45258
8186 27693
1144 42909
1517 34926
