1 10
100 200
201 210
900 1000
1 1
2 2
3 3
4 4
5 5
6 6
7 7
8 8
9 9
10 10
1 2
2 3
3 4
4 5
10 20
20 30
30 40
40 50
1 10
1 100
1 200
1 500
1 1000
200 250
250 300
300 350
350 400
400 450
450 500
500 550
550 600
600 650
650 700
700 750
750 800
800 850
850 900
900 950
950 1000
1000 1100
1000 1200
1000 1300
1000 1400
1000 1500
1000 1600
1000 1700
1000 1800
1000 1900
1000 2000
1000 3000
1000 4000
1000 5000
1000 6000
1000 7000
1000 8000
1000 9000
1000 10000
1 10000
1 20000
1 30000
1 40000
1 50000
1 60000
1 70000
1 80000
1 90000
10000 15000
15000 20000
20000 25000
25000 30000
30000 45000
45000 50000
50000 55000
55000 60000
60000 65000
65000 70000
70000 75000
75000 80000
80000 85000
85000 90000
90000 95000
95000 100000
32482 59082
11111 22222
901 5000
255 365
1010 1100
1999 2000
1108 1122
415 1230
904 1023
378 873
214 1225
704 1031
11 619
1 100000