1 10
100 200
201 210
900 1000
11 50
51 99
211 300
301 350
351 400
401 500
501 520
521 550
551 580
581 600
601 750
751 790
791 820
821 840
841 880
881 899
1 2
1 5
2 5
21 42
91 200
70 100
1 1
3 3
10 10
9 10
400 600
700 701
40 43
76 79
20 30
89 90
200 213
91 111
80 600
89 789
47 89
333 999
373 822
1000 1001
1002 1100
669 890
733 988
637 902
637 1000
18 90
18 100
18 150
1 1000
28 280
45 450
2 200
383 798
372 890
764 900
100 888
444 555
777 999
738 1200
1101 2000
2001 2100
2101 2710
3000 4000
1000 2000
1500 2000
1000 1499
788 1003
75 890
103 301
800 1007
2837 3000
2000 2500
903 1000
93 100
484 500
10 91
114 150
150 160
16 61
24 42
35 53
78 780
87 711
117 711
89 789
10 1
200 100
210 200
1000 900
300 30
42 24
897 567
190 100
700 400
700 90
230 200
420 42
100001 100200
100200 100001
